GM   0.00000000 0.00000000 0.00000000   Y    0.50000000 0.00000000 0.50000000
Y    0.50000000 0.00000000 0.50000000   T    1.00000000 0.50000000 0.50000000
T    1.00000000 0.50000000 0.50000000   Z    0.50000000 0.50000000 0.00000000
Z    0.50000000 0.50000000 0.00000000   GM   0.00000000 0.00000000 0.00000000
GM   0.00000000 0.00000000 0.00000000   X    0.00000000 0.25000000 0.25000000
X    0.00000000 0.25000000 0.25000000   A1   0.50000000 0.25000000 0.75000000
A1   0.50000000 0.25000000 0.75000000   Y    0.50000000 0.00000000 0.50000000
T    1.00000000 0.50000000 0.50000000   X1   1.00000000 0.75000000 0.75000000
X    0.00000000 0.25000000 0.25000000   A    0.50000000 0.75000000 0.25000000
A    0.50000000 0.75000000 0.25000000   Z    0.50000000 0.50000000 0.00000000
L    0.50000000 0.50000000 0.50000000   GM   0.00000000 0.00000000 0.00000000
