E    0.50000000 0.50000000 0.50000000   A    0.50000000 0.00000000 0.50000000
A    0.50000000 0.00000000 0.50000000   GM   0.00000000 0.00000000 0.00000000
GM   0.00000000 0.00000000 0.00000000   B    0.00000000 0.00000000 0.50000000
B    0.00000000 0.00000000 0.50000000   D    0.00000000 0.50000000 0.50000000
D    0.00000000 0.50000000 0.50000000   C    0.50000000 0.50000000 0.00000000
C    0.50000000 0.50000000 0.00000000   Z    0.00000000 0.50000000 0.00000000
Z    0.00000000 0.50000000 0.00000000   GM   0.00000000 0.00000000 0.00000000
GM   0.00000000 0.00000000 0.00000000   Y    0.50000000 0.00000000 0.00000000
Y    0.50000000 0.00000000 0.00000000   C    0.50000000 0.50000000 0.00000000
C    0.50000000 0.50000000 0.00000000   E    0.50000000 0.50000000 0.50000000
