Y    0.50000000 0.50000000 0.00000000   T    0.50000000 0.50000000 0.50000000
T    0.50000000 0.50000000 0.50000000   Z1   0.00000000 1.00000000 0.50000000
Z    0.00000000 0.00000000 0.50000000   R    0.00000000 0.50000000 0.50000000
R    0.00000000 0.50000000 0.50000000   S    0.00000000 0.50000000 0.00000000
S    0.00000000 0.50000000 0.00000000   GM   0.00000000 0.00000000 0.00000000
GM   0.00000000 0.00000000 0.00000000   Y1   -0.50000000 0.50000000 0.00000000
Y    0.50000000 0.50000000 0.00000000   GM   0.00000000 0.00000000 0.00000000
GM   0.00000000 0.00000000 0.00000000   Z    0.00000000 0.00000000 0.50000000
Z    0.00000000 0.00000000 0.50000000   T    0.50000000 0.50000000 0.50000000
T    0.50000000 0.50000000 0.50000000   R    0.00000000 0.50000000 0.50000000
