GM   0.00000000 0.00000000 0.00000000   X    0.50000000 0.00000000 0.00000000
X    0.50000000 0.00000000 0.00000000   S    0.50000000 0.50000000 0.00000000
S    0.50000000 0.50000000 0.00000000   Y    0.00000000 0.50000000 0.00000000
Y    0.00000000 0.50000000 0.00000000   GM   0.00000000 0.00000000 0.00000000
GM   0.00000000 0.00000000 0.00000000   Z    0.00000000 0.00000000 0.50000000
Z    0.00000000 0.00000000 0.50000000   U    0.50000000 0.00000000 0.50000000
U    0.50000000 0.00000000 0.50000000   R    0.50000000 0.50000000 0.50000000
R    0.50000000 0.50000000 0.50000000   T    0.00000000 0.50000000 0.50000000
T    0.00000000 0.50000000 0.50000000   Z    0.00000000 0.00000000 0.50000000
Y    0.00000000 0.50000000 0.00000000   T    0.00000000 0.50000000 0.50000000
U    0.50000000 0.00000000 0.50000000   X    0.50000000 0.00000000 0.00000000
S    0.50000000 0.50000000 0.00000000   R    0.50000000 0.50000000 0.50000000
